0.5
0
37
114
0
17
0.30120481927710846
87
2070
36
107
0.7272727272727273
1680
33
9108
539
2414
7426
67
2.7333333333333334
0.44642857142857145
79
-1
1.625
8.285714285714286
0.40298507462686567
4
21
2160
54
-43
38
154
0.9176470588235294
25
7000
74
-51
1820
30
979
2.227272727272727
118
93
704
1272
0.5294117647058824
3.8
3
15
-38
1
59
-18
-5
-56
31
115
0.7017543859649122
-48
81
7
11
0.3409090909090909
19
2.111111111111111
30
108
28
114
720
4
31
0.9166666666666666
46
0.5517241379310345
-34
1769
-14
18
-62
47
0.16666666666666666
87
160
1.1111111111111112
24
1750
5796
38
-76
117
66
0.18556701030927836
0.9382716049382716
94
1273
5568
80
3036
2.1515151515151514
58
504
880
117
57
130
1440
6004
2
0.25
1
28
76
1936
0.15384615384615385
81
60
114
42
55
49
58
149
19
49
3724
4920
113
1.0103092783505154
108
6
81
-23
0.3229166666666667
16
0.967741935483871
22
184
53
1.2641509433962264
74
0
37
0.7808219178082192
26
3157
0.8297872340425532
13
32
-21
-71
117
84
41
5460
38
23
24
48
82
30
1120
54
28
1
-8
100
29
4895
782
864
2.8333333333333335
1
0.5125
1.8076923076923077
76
52
225
186
110
2
0.1978021978021978
0.4594594594594595
7
1455
2.588235294117647
0.6233766233766234
46
336
3.3703703703703702
1566
15.666666666666666
30
0.03896103896103896
0.95
37
78
0.9578947368421052
2.152173913043478
-54
770
109
41
50
1848
1.4166666666666667
75
-33
129
44
175
1.6206896551724137
95
8730
952
3.5625
19
-62
93
11
0.34285714285714286
1
67
113
55
39
0.9487179487179487
0.5384615384615384
49
5796
0.41379310344827586
103
20
66
-1
1.5555555555555556
165
5250
3705
1.2151898734177216
24
187
39
40
9801
140
0.45263157894736844
1.0888888888888888
2660
33
752
0.3950617283950617
100
77
111
5460
2.5555555555555554
0.8082191780821918
2
34
70
115
45
129
0.09090909090909091
-31
1716
17
0.175
106
44
980
2
0.3142857142857143
3723
6048
-56
-2
32
3
1550
-42
89
27
34
73
4200
10
127
0.18867924528301888
0.3333333333333333
80
25
60
2.3214285714285716
1.2307692307692308
9212
145
24
96
71
0.23157894736842105
-14
0.33962264150943394
111
15
-26
127
-27
97
3948
27
34
0.8909090909090909
-27
-17
79
53
126
18
9
1596
1750
1820
118
3081
0.042105263157894736
59
11.6
2912
-25
4
0.1282051282051282
672
-30
1674
2.59375
1
69
0.9285714285714286
7
53
201
4140
72
-46
1
99
58
5
1
13
55
4550
4.363636363636363
38
0
4185
380
0.6046511627906976
61
1944
79
80
53
34
158
-17
160
0.20689655172413793
18
24
25
0
62
24
24
136
179
1.08
2.6
-2
35
55
16
52
18
104
112
146
86
52
266
0.9047619047619048
0
0.5925925925925926
0.0625
-16
2.533333333333333
0.5094339622641509
4.041666666666667
0.95
17
2820
2.4871794871794872
28
92
6
108
-34
1350
0.9722222222222222
2109
3584
6
7.875
0.6037735849056604
0.2727272727272727
55
