58
32
10
1300
17
4779
18
30
21
-22
69
15
4.9
16.8
-22
33
0.8888888888888888
37
70
1950
16
1702
1072
61
-10
2584
57
40
97
-12
23
6
44
0.9895833333333334
-64
1.275
0
83
5
60
-14
-14
76
-2
72
64
-35
13
1.6666666666666667
29
100
97
127
1.540983606557377
14
2
27
71
1.7543859649122806
76
3290
2075
188
0.5205479452054794
195
0.8192771084337349
11
178
140
100
53
36
13
1242
8
43
5525
3.6
14
-36
60
167
-17
1976
-8
125
98
910
4539
18
149
4
792
12
950
20
0.4
-49
-26
0.42528735632183906
54
564
1296
69
-20
960
1.0246913580246915
49
26
5.785714285714286
24
26
910
1.346938775510204
77
-5
0.21052631578947367
81
0.5686274509803921
308
2322
2160
32
4316
0.48
2
3612
0.06060606060606061
21
164
5185
18
17
0.6923076923076923
22
23.666666666666668
137
-35
1.849056603773585
46
-54
2520
380
24
20
108
58
8
11
-29
5
67
1044
3
7209
0.19736842105263158
-83
-10
95
1566
14
0.17857142857142858
50
10
6
1472
31
3.5625
-58
58
40
-58
15
3822
2.05
242
35
2.27027027027027
3
7
6
3690
74
1012
18.666666666666668
4.1875
61
3496
56
300
14
6
17
12.333333333333334
2.7027027027027026
-20
0.5789473684210527
22
45
2.0277777777777777
14
-53
87
6
3.05
216
58
47
0.3229166666666667
1134
8
15
135
96
26
294
4608
1024
13
82
42
86
-43
1845
-31
252
-46
86
2
108
6642
200
1275
100
-36
8075
82
1394
0.7368421052631579
3612
-28
931
81
602
21
-30
29
167
0.7956989247311828
-2
18
98
-16
0.8333333333333334
0.15853658536585366
1.1136363636363635
1311
-56
5.5
119
-31
110
4410
173
71
74
84
18
4
65
0.12643678160919541
0.96875
-9
1140
748
1.03125
9
17
49
186
26
175
25
31
1
2190
38
4
0
90
181
83
2
27
1
39
2
-60
48
35
9
3212
1
784
1.25
-48
3808
152
-63
65
3
141
12
4
11
133
2
62
2.282051282051282
121
1430
11
0.5520833333333334
-81
109
33
60
936
-86
51
127
49
-53
-34
30
425
1224
270
9
138
29
51
5049
15
-42
52
20
65
45
6
56
101
5
61
-18
85
1
0.75
119
1.6666666666666667
297
-9
43
1
58
0.3218390804597701
15
2.78125
36
3663
-23
131
192
65
137
78
2.8
2924
77
17
-12
49
50
6240
-7
53
46
13
53
24
-28
49
234
4144
-64
1.5121951219512195
1280
2.4516129032258065
1240
2.9473684210526314
902
20.25
-18
0.20270270270270271
70
105
1.3571428571428572
35
1.849056603773585
42
0.21818181818181817
0.22
1.278688524590164
4.5
4
-7
11
-78
28
43
