9
91
1.565217391304348
18
-80
37
0.9032258064516129
105
14
23
21
1.4262295081967213
28
-39
-48
7
87
0.3018867924528302
1
1480
130
74
174
51
6557
-1
3520
35
2.533333333333333
4
79
93
816
4472
33
41
4.555555555555555
43
94
125
67
5063
68
1
3180
10
171
4
49
111
4941
0.7065217391304348
15
135
3540
1
78
1.2972972972972974
80
1.7
23
-15
110
3.12
72
50
30
-49
49
2
61
29
79
55
0.5802469135802469
43
6290
62
-27
-6
88
167
24
75
6.666666666666667
30
0.5842696629213483
4
14
72
-12
-31
70
2.1538461538461537
129
5133
42
730
-2
65
0.05263157894736842
1
714
10
153
32
0.6923076923076923
3
1.4705882352941178
12
104
1.5
125
3861
1.4482758620689655
96
191
-3
53
14
8
31
1
28
0.358974358974359
0.4857142857142857
4.222222222222222
107
3
-15
616
0.4
18
19
6
61
81
70
5041
94
-8
0.6818181818181818
-40
20
360
3.3333333333333335
138
1.1395348837209303
3
4256
0.06349206349206349
-3
2236
0.11666666666666667
0
3640
30
-25
82
40
3.2
121
14
341
1
13
4788
151
1.24
0
25
-21
5.461538461538462
118
0.21794871794871795
-44
1.4210526315789473
-28
0.4
74
5.6
6650
47
1452
0
1800
4
34
62
71
11
12
58
-52
2.189189189189189
154
79
15
1560
2.175
4
212
6020
380
2193
68
6270
11
15
-8
10
167
39
-5
144
56
-55
10
0.6206896551724138
23
2646
0.25806451612903225
27
179
85
178
0.13636363636363635
135
1715
30
35
0.0945945945945946
26
0.423728813559322
12
3136
0.16666666666666666
1.0315789473684212
1488
3102
135
30
5
155
1.1333333333333333
0.5
54
0.14666666666666667
8
10
163
-44
9
44
0.6551724137931034
-6
118
95
151
280
814
6
169
176
246
0.43859649122807015
2
1045
-15
1.1111111111111112
10
2627
2146
0
-71
4100
117
9
1
1358
1260
0.7727272727272727
0
4725
30
402
135
156
0.21428571428571427
44
0.3076923076923077
1368
55
0.9090909090909091
1674
25
111
2268
-75
16
53
96
56
2666
136
-45
-8
112
59
121
82
93
684
95
4
122
2891
-8
3750
3.4285714285714284
1.010204081632653
48
75
0.9595959595959596
1551
26
-15
115
-32
119
95
22
1.0869565217391304
-77
2001
3
34
4
18
13
-33
66
1254
6
51
116
21
0.2
374
41
100
219
79
34
110
880
-3
151
50
1848
14
0.7142857142857143
7
756
12
55
60
2.782608695652174
68
0.075
23
6478
4
10
10
1.7027027027027026
-25
1.4857142857142858
1848
0
174
1
132
54
640
8
5680
9
2.2580645161290325
2597
0.6911764705882353
1333
62
3483
96
1026
435
2370
-37
31
27
51
-36
-43
62
3
40
0.273972602739726
0
26
2886
-15
56
26
64
0.21739130434782608
-23
0.6792452830188679
16
45
