4550
90
24
0.6309523809523809
8
100
4.3478260869565215
5049
2.0588235294117645
2
1.5666666666666667
3.357142857142857
6396
17
3380
-55
7000
9
13
3
56
42
135
1.4864864864864864
7
13
0.620253164556962
3
73
-23
3783
1.5263157894736843
-47
34
-13
10
3564
5225
2.5454545454545454
176
90
546
35
112
0.8372093023255814
10
181
4600
11
109
36
28
45
8
0.25
15
114
480
86
0.3855421686746988
1.7321428571428572
6
195
0.875
2.5128205128205128
8
350
10
304
462
88
2403
1056
32
0.6712328767123288
-5
-30
188
32
1287
1
36
5.2
2
4588
4015
32
20
136
149
4
84
8820
1617
3
86
95
1.140625
71
15
-18
8
15
-40
44
118
1332
1.6545454545454545
4914
0.2857142857142857
11
3388
95
27
126
1.9714285714285715
748
14
945
5402
0.5135135135135135
47
0.43820224719101125
22
119
0.7428571428571429
-22
-12
1.7826086956521738
66
0.96
10
6675
-41
18
110
1311
59
608
126
11
0.8571428571428571
2.735294117647059
0.7377049180327869
1440
19
89
2280
2.526315789473684
11
-33
-65
0
49
2346
32
65
-11
132
43
16
-64
160
14
1.9166666666666667
5.8
1320
62
21
915
103
10
93
10
75
1.3846153846153846
1287
147
0.12987012987012986
4
90
6
9
53
294
3.8076923076923075
177
55
1.25
33
3
0.30158730158730157
33
1.6140350877192982
578
3
3888
23
-17
3432
17
5
163
16
28
34
4554
12
14
76
0.782608695652174
0.7407407407407407
78
0.64
1649
1023
15
123
7.454545454545454
83
107
5022
20
54
1.077922077922078
20
3234
60
1220
2.6956521739130435
105
130
748
5
113
50
184
92
-27
0.43157894736842106
19
19
53
83
1425
37
116
0.2
855
107
14
0.7777777777777778
3116
20
3
53
-31
4
-58
141
5963
-10
0
0.7333333333333333
160
0.8243243243243243
0.36046511627906974
70
-28
98
5148
132
4698
2
-2
36
5676
66
-55
0.7575757575757576
45
6192
4.076923076923077
6
16
810
24
2112
121
-81
64
4000
31
7560
-4
42
3960
78
2944
154
8342
5184
-12
0.52
45
820
10
10
28
27
2.0714285714285716
75
3.1333333333333333
4.571428571428571
-6
2726
17
142
0.22972972972972974
199
9
4345
-3
3293
131
0
2.3870967741935485
-6
-33
8
147
35
68
4.722222222222222
95
8600
864
-12
23
7
0.3125
0.037037037037037035
29
0.7719298245614035
1452
6048
17
0.5930232558139535
72
4875
-14
123
187
5.8
60
2
0.28846153846153844
6000
6
864
2.4285714285714284
11
94
-1
3
38
1886
-32
10
40
160
95
86
76
-32
1.5
16
73
1848
32
0.5257731958762887
25.666666666666668
74
-55
1312
9
163
1595
91
16
2970
116
32
94
7290
-8
13.833333333333334
155
0.27906976744186046
60
-63
185
0.375
62
-85
1.058139534883721
0.3090909090909091
9
49
171
4
1.2982456140350878
0.46
0.06315789473684211
-61
96
128
64
26
21
