-24
35
4620
4
16
44
30
1116
75
5452
95
-35
79
0.5777777777777777
4
102
-23
3.05
172
2
0.6056338028169014
16
480
63
57
17.666666666666668
53
-39
0.43859649122807015
148
2080
7200
75
25
1125
150
20
1.1428571428571428
25
0
37
1.21875
163
13
0.3333333333333333
2
-57
4.466666666666667
-44
118
360
45
124
9.090909090909092
2225
6720
151
3589
-11
16
5.818181818181818
-2
44
78
8
71
-6
36
1
19
114
408
2.6315789473684212
1343
126
0.6195652173913043
1.288888888888889
1.5
4.411764705882353
41
4550
28
157
8
-25
30
28
57
204
0.96
1
-23
-62
-61
-28
158
6570
36
1.0684931506849316
140
-49
11
1568
7.7
10
66
1122
-36
1.6603773584905661
2146
150
70
19
11
83
91
2.772727272727273
2480
74
5044
77
4.333333333333333
58
5
5460
166
31
2
1.64
105
-13
9
8554
0.01818181818181818
0.8507462686567164
25
112
39
59
139
1696
0
18
4500
33
108
95
77
189
140
139
0.7758620689655172
11
-22
0.4339622641509434
1218
384
0.8372093023255814
5
16
0.7407407407407407
36
7
108
97
2112
0.36
1.6923076923076923
0.41379310344827586
2403
65
2380
31
-23
157
-23
118
18
-66
30
-10
39
131
10
136
55
10
1
121
1.1206896551724137
6.25
51
137
1.125
531
37
97
6693
-3
104
39
1.9166666666666667
47
0
2
13
344
105
1
39
664
0.7647058823529411
4340
0.6666666666666666
77
-34
140
0.5967741935483871
1340
101
67
6952
-11
-25
1.7962962962962963
41
32
119
12
19
4
7
17
24
34
-25
108
19
2904
23
-44
968
11
45
4662
158
0.03508771929824561
0.39622641509433965
8.1
-17
-83
-34
-4
1.511111111111111
-2
208
595
52
-1
54
0.8840579710144928
3
11.6
-49
-51
44
82
7
3
912
0.10204081632653061
-48
0.7567567567567568
0.3614457831325301
3276
0.6086956521739131
1001
1.4615384615384615
35
2
6624
31
2.1666666666666665
5785
8.083333333333334
0.09230769230769231
16
2272
39
40
550
25
1
2660
0.5111111111111111
-48
0.31521739130434784
27
1900
5985
54
0.3013698630136986
-22
10
23
6966
26
80
792
0.4
5.25
1.3333333333333333
396
176
1.2238805970149254
-68
20
5500
-11
-40
5782
78
41
1
0.5638297872340425
-73
1092
49
16
25
53
1
874
0.9318181818181818
0.5873015873015873
1.323943661971831
23
-25
1386
5.5
27
-27
2.466666666666667
-2
195
73
3.6363636363636362
4536
2.2972972972972974
2160
1026
21
552
101
2.1470588235294117
109
40
10
1200
69
172
146
1800
80
3.411764705882353
780
28
24
61
2.411764705882353
6.333333333333333
0.24
38
36
1.2413793103448276
408
0.46153846153846156
1
1
1140
5880
1
-10
-35
560
67
6290
1008
95
212
0.07407407407407407
4824
40
6552
9
1.4833333333333334
11.333333333333334
-59
10
69
41
4440
134
11.285714285714286
-32
0.02
744
11
68
23
54
-40
165
0.5671641791044776
5720
1.7272727272727273
-56
135
5
142
undefined
