133
7
192
153
3.6842105263157894
6
48
-7
260
-7
2
528
-15
11
72
5720
-11
34
1.0869565217391304
61
117
93
5
-27
25
5767
115
1.5084745762711864
12
0.7272727272727273
40
0.46774193548387094
-18
4.894736842105263
13.6
-56
34
18
899
0.9772727272727273
53
3
11
170
21
0
6
110
-37
6534
1.1951219512195121
1
152
92
0.8723404255319149
1628
48
17
0.6428571428571429
270
140
45
0.9459459459459459
184
-84
-11
1.1097560975609757
14
41
2.7
1.96
5
22
1296
0.9411764705882353
9
0.8372093023255814
62
16
158
-8
8360
26
77
9.333333333333334
8
1290
12
67
2.0714285714285716
71
27
-14
-2
1222
1
20
8
50
4964
183
36
195
2
5546
146
0.9550561797752809
1.492063492063492
102
6142
-18
92
167
105
-22
374
80
114
-26
3900
276
-42
120
2
4.125
3.193548387096774
42
70
51
24
0.3695652173913043
2.357142857142857
32
42
4
45
142
-17
0.25316455696202533
60
1900
12
-30
5133
0
29
32
1.7647058823529411
46
1.103448275862069
20
141
1898
79
35
1.0533333333333332
1428
1.434782608695652
152
109
165
150
49
0.484375
126
22
8740
120
98
3440
17
2820
68
2
85
682
0.8382352941176471
4368
0.7391304347826086
45
38
4087
32
5626
1608
5340
980
87
34
-6
110
27
-48
2880
103
-86
0.7846153846153846
155
2408
4.714285714285714
76
181
4508
60
13
63
1.263157894736842
3
110
33.5
522
146
1
67
9
29
134
142
19
602
7
112
0.8809523809523809
33
52
3780
86
0.3493975903614458
0.28205128205128205
16
44
1782
15
5760
30
14
105
47
-23
127
58
7
151
36
9
27
-64
98
80
12
16
3608
30
1.0105263157894737
3828
0.6767676767676768
13
176
4512
71
16
2.7142857142857144
150
460
2670
39
32
84
3904
45
1.0972222222222223
567
84
117
9
1.5245901639344261
59
23
5
24
-28
29
62
1653
92
42
88
0.9263157894736842
-28
3.206896551724138
49
14
0.847457627118644
91
26
86
2584
0.5797101449275363
74
4165
0.898876404494382
2048
22
1.4516129032258065
3
0.09090909090909091
0.96
70
23
84
903
3
2450
-37
2.857142857142857
7252
-42
4060
1.2166666666666666
-14
3
0.6612903225806451
121
416
10
0.1111111111111111
0.8695652173913043
96
-10
2928
3445
297
94
11
128
-17
0.1827956989247312
59
6174
52
221
-64
0.48333333333333334
2.28125
561
748
36
85
65
33
14
40
2
0
4
53
-75
170
42
50
3519
43
15
5
2623
143
49
-36
12
2139
92
0.989010989010989
47
19.4
648
1.0615384615384615
59
168
89
-30
21
930
80
-40
21
1232
552
0.92
0.8271604938271605
35
11
8256
25
480
0
31
0.18556701030927836
13
39
0
4
0.725
3
0.6185567010309279
103
0.44594594594594594
1450
1520
15
130
301
50
-4
65
1.1875
59
39
1.08
90
0.6666666666666666
