77
121
62
1817
0.023809523809523808
-74
6
0.9387755102040817
-76
1.1923076923076923
30
-33
18
0.4
19
140
1.0410958904109588
89
1.3833333333333333
39
30
2088
39
0.27906976744186046
90
4664
10
0.24
39
100
0.1506849315068493
67
46
69
173
54
38
122
158
5
19
477
0.9894736842105263
34
-31
17
-16
7.166666666666667
142
11.5
0.7428571428571429
2244
2.227272727272727
146
78
130
0.6161616161616161
188
4
29
0.4444444444444444
15
996
2581
2
1632
215
5950
27
128
1264
15
-40
9100
644
1720
46
-19
96
5330
16
1312
148
3
98
-46
2.3333333333333335
20
675
0.5068493150684932
-23
4100
20
75
-43
1
82
10
106
71
109
1075
50
135
4
1.1538461538461537
2
891
3922
2.7142857142857144
58
1200
0.9896907216494846
73
120
8
255
2200
-58
-11
76
24.666666666666668
93
-29
1711
3
22
23
27
0.967741935483871
1.0470588235294118
0.2638888888888889
-54
50
63
3318
1.7321428571428572
19
-32
-73
57
-44
3.45
0.30612244897959184
24
0.85
960
1536
10
12
3.4
-63
55
126
-75
0.2967032967032967
1.0681818181818181
143
122
41
0.27
48
2370
20
0.8181818181818182
5544
0.32926829268292684
2464
4558
73
2232
-14
3053
86
78
78
82
-24
775
13
2.7058823529411766
50
2.7222222222222223
0.23214285714285715
3021
1.3214285714285714
0.4626865671641791
94
149
52
57
0.4523809523809524
-45
85
160
-45
4
0.08571428571428572
-7
172
50
50
940
90
31
178
1.205128205128205
825
1.2093023255813953
15
21
4080
1
3
-32
19
910
1.95
115
73
4895
113
159
156
2.8461538461538463
162
5940
53
34
2
1.139240506329114
-67
-8
21
4
183
84
74
56
152
-41
0.4473684210526316
-51
61
115
34
0.6444444444444445
3.9375
20
51
540
-59
1530
8
5
1746
5060
116
-1
2590
0
-29
16
1.1481481481481481
0.15873015873015872
24
406
100
60
110
16
6664
27
114
73
-50
84
-21
43
91
-10
1.962962962962963
2.2222222222222223
62
23
0.5333333333333333
-11
2
279
9
-56
108
10
-71
0.5714285714285714
38
82
164
-43
2688
0.9782608695652174
6160
1100
4032
28
5580
3772
79
82
3.6923076923076925
64
3
-39
2.1538461538461537
2597
-52
-19
37
17
83
1.875
79
13
76
-19
312
288
4554
148
-19
1749
53
1550
3.1363636363636362
2178
2
3
650
156
84
1666
16
1.0425531914893618
5.875
40
7
81
5292
4623
101
66
128
34
-71
2744
0
0.25806451612903225
42
9400
87
609
58
3612
85
102
352
59
-66
1358
30
149
28
0
-42
0.07291666666666667
120
1170
154
2940
-1
2
40
-72
4020
74
13
58
17
9
90
15.333333333333334
9
282
59
84
20
0.4673913043478261
7110
162
2.9130434782608696
81
3.260869565217391
0.7974683544303798
1748
32
4.95
63
82
780
87
2862
133
1188
13
75
1148
-8
2
4941
28
