24
92
2176
12
148
-59
-64
63
0.673469387755102
1027
5624
7
1980
1.5185185185185186
38
150
37
-84
885
3.85
113
0.36363636363636365
29
118
167
68
1742
7
48
3
47
16
47
0.7849462365591398
9
10
1909
103
62
9009
1728
11
183
0.6067415730337079
0
10
3
27
-54
0.35714285714285715
14
-28
1780
1.1142857142857143
34
88
2
-6
1.0142857142857142
5
69
0.5555555555555556
89
0.8412698412698413
2
93
24
-25
49
0.8148148148148148
11
-6
240
1
38
-20
1875
125
2352
-24
0.20652173913043478
1.0754716981132075
86
101
4.9411764705882355
87
3510
1.3015873015873016
74
112
1.9333333333333333
5
10.25
594
0.95
0
110
6468
16
6
10
2597
0.12698412698412698
37
0.4318181818181818
8
42
7476
103
1.236842105263158
42
-61
1.2318840579710144
13
2205
0.42168674698795183
5978
76
7387
164
54
4464
0.9047619047619048
6532
1.3484848484848484
61
5445
26
138
68
-54
19
300
1
163
2.6666666666666665
31
208
0.35294117647058826
28
1722
0.95
20
-86
20
64
28
18
0.7058823529411765
960
-39
3420
61
184
68
119
-25
697
36
115
4700
31
5
0.025974025974025976
-23
21
3950
41
5
1
-61
-38
5.3
4320
0.581081081081081
8
2496
2
30
154
2322
96
15
44
-7
0.046511627906976744
2.022727272727273
2.6206896551724137
2
-47
8
46
157
0.71875
84
14
48
75
133
132
3068
133
4332
0.013157894736842105
24
0.23684210526315788
1
0.6363636363636364
178
4410
29
756
58
-43
8
4130
6370
561
37
2.806451612903226
1269
92
-7
88
59
30
1
0.7692307692307693
72
1586
30
2625
10
96
68
-45
23
76
1067
560
-11
6
1
0
16
209
6887
26
-50
1.2307692307692308
4950
50
74
4
28
8
0.3717948717948718
174
45
23
1036
2002
-21
-45
15
125
400
82
23
0.9803921568627451
15
1924
0
-24
190
-39
1116
518
69
0.7446808510638298
96
125
0.75
-22
-16
3956
35
40
37
13
122
166
80
172
21
-66
5
4455
0.5476190476190477
2
2499
0.034482758620689655
86
448
2772
0.04918032786885246
-39
0.06060606060606061
931
1.7037037037037037
1.3793103448275863
51
129
110
-64
5005
1.7894736842105263
676
9
11
702
1176
-5
0.8
4335
22
4221
1.9795918367346939
2
116
1419
3.0454545454545454
111
1.653061224489796
102
7.6923076923076925
61
5440
13
173
11
3969
90
1120
2223
50
4770
608
4
12
1450
-2
156
-6
163
0.7708333333333334
-88
0.7123287671232876
0
21
8.333333333333334
153
29
0.78125
2.3333333333333335
106
0.9797979797979798
5
1.4166666666666667
174
30
-31
97
2772
63
7719
-72
20
15
-34
88
128
-8
47
4608
9
96
368
2236
22
-70
28
1785
0
1.5636363636363637
0.13793103448275862
2.0526315789473686
-12
0.5348837209302325
0
50
903
4462
0.7142857142857143
23
51
2.4
94
-24
7
19
0
4324
20
208
22
111
25
57
44
