0.9591836734693877
83
164
74
1540
115
-92
1782
5742
105
177
1.4705882352941178
17
128
6497
7
84
24
85
0.21568627450980393
85
3.5833333333333335
19
-9
2
17
2058
47
0.4418604651162791
48
2900
5
14
-62
0.8928571428571429
56
30
2.9615384615384617
2
66
-77
46
-82
1
13
50
150
87
29
1
31
5.176470588235294
62
-21
117
0.13333333333333333
1
88
38
7695
0.046153846153846156
8.75
27
-48
29
1484
1.411764705882353
41
5600
0
91
1.5263157894736843
164
2537
156
148
2.35
-27
69
-42
96
899
-56
0.375
75
9120
24
0.82
0.358974358974359
-41
50
177
91
138
1.8387096774193548
38
2665
70
144
0.4329896907216495
2.5
2898
0.6271186440677966
3567
-53
94
-32
5100
-27
25
191
1938
23
152
4
57
116
1008
-81
27
144
-17
68
1938
-7
140
2.2439024390243905
40
750
4620
194
-21
0.9
-18
770
146
22
6512
4.5
132
87
51
63
107
0.7083333333333334
3780
0.7674418604651163
129
3.1333333333333333
6
246
0.7027027027027027
1.6111111111111112
0.2777777777777778
13
134
2
16
2120
1701
0.6595744680851063
0.543859649122807
4
1.4827586206896552
3
101
0.14516129032258066
2520
1.1964285714285714
20
4.55
143
15
3.4615384615384617
-4
-32
4.166666666666667
35
1140
374
1944
8
5.0588235294117645
0.425
-80
123
166
0.6153846153846154
15
111
0.39759036144578314
4899
113
62
6
6.285714285714286
77
182
351
3.129032258064516
89
14
7790
2210
-44
125
-51
124
57
31
17
35
-72
68
1.6538461538461537
16
1.4179104477611941
1.32
684
5
56
846
25
1134
1408
3977
17
-33
0
16
-21
2408
4
1.4146341463414633
-52
0.76
7
2.3
1
6039
0
2.696969696969697
-36
146
28
0
4.6
0.8089887640449438
10
-14
15
-65
12
581
34
-18
6384
50
4
23
1
15
0
6450
0.125
93
3150
936
115
127
1
111
99
127
0.08695652173913043
22
923
1085
92
0.84
0.02
76
3.5
3
37
2310
0.7341772151898734
56
-10
85
82
0.010638297872340425
24
3782
2774
6.615384615384615
70
0
250
7
2.2142857142857144
14
1161
4845
3618
44
0.3783783783783784
760
11
0.7875
-17
0.9473684210526315
92
-24
-19
1764
-14
5.0625
14
1749
7954
1.435897435897436
1
43
826
0.11627906976744186
130
13
17
64
520
58
1.4210526315789473
3
-26
9
95
0.23529411764705882
-6
152
0.8539325842696629
82
173
26
1.5277777777777777
9
0.2345679012345679
25
1.1538461538461537
28
5.666666666666667
1.5833333333333333
36
-10
3550
2
22
52
35
21
1197
0
-85
2688
15.5
18
855
1862
15
7440
3
22
-38
3572
0.8064516129032258
13
26
0.8969072164948454
1.0309278350515463
51
176
22
46
2925
79
-1
8.3
26
104
2700
13
118
1190
3318
731
133
15
28
109
2706
1
34
1.4090909090909092
-62
1350
0.09803921568627451
46
-11
4929
539
4758
58
0.26595744680851063
12
1240
70
-69
1.03125
2.6785714285714284
138
